01001			
01002			
01003			
01004		::0.0:2.0:6.0:80.0:0.0:0.0:0.0:0.0:0.0:0.0:0.0:0.0	女子栄養大学出版部・調理のためのベーシックデータ第４版を参考にした。
01005			
01006			
01007			
01008			
01009			
01010			
01011			
01012			
01013			
01014			
01015		::0.0:3.0:9.0:110.0:0.0:0.0:0.0:0.0:0.0:0.0:0.0:0.0	女子栄養大学出版部・調理のためのベーシックデータ第４版を参考にした。
01016		::0.0:3.0:9.0:110.0:0.0:0.0:0.0:0.0:0.0:0.0:0.0:0.0	女子栄養大学出版部・調理のためのベーシックデータ第４版を参考にした。
01018		::0.0:3.0:9.0:110.0:0.0:0.0:0.0:0.0:0.0:0.0:0.0:0.0	女子栄養大学出版部・調理のためのベーシックデータ第４版を参考にした。
01019		::0.0:3.0:9.0:110.0:0.0:0.0:0.0:0.0:0.0:0.0:0.0:0.0	女子栄養大学出版部・調理のためのベーシックデータ第４版を参考にした。
01020		::0.0:3.0:9.0:110.0:0.0:0.0:0.0:0.0:0.0:0.0:0.0:0.0	女子栄養大学出版部・調理のためのベーシックデータ第４版を参考にした。
01021		::0.0:3.0:9.0:110.0:0.0:0.0:0.0:0.0:0.0:0.0:0.0:0.0	女子栄養大学出版部・調理のためのベーシックデータ第４版を参考にした。
01023		::0.0:3.0:9.0:110.0:0.0:0.0:0.0:0.0:0.0:0.0:0.0:0.0	女子栄養大学出版部・調理のためのベーシックデータ第４版を参考にした。
01146		::0.0:3.0:9.0:110.0:0.0:0.0:0.0:0.0:0.0:0.0:0.0:0.0	女子栄養大学出版部・調理のためのベーシックデータ第４版を参考にした。
01024		::0.0:3.0:9.0:110.0:0.0:0.0:0.0:0.0:0.0:0.0:0.0:0.0	女子栄養大学出版部・調理のためのベーシックデータ第４版を参考にした。
01147		::0.0:3.0:9.0:110.0:0.0:0.0:0.0:0.0:0.0:0.0:0.0:0.0	女子栄養大学出版部・調理のためのベーシックデータ第４版を参考にした。
01025		::0.0:3.0:9.0:110.0:0.0:0.0:0.0:0.0:0.0:0.0:0.0:0.0	女子栄養大学出版部・調理のためのベーシックデータ第４版を参考にした。
01026		::0.0:0.0:0.0:0.0:0.0:60.0:75.0:90.0:0.0:0.0:0.0:0.0:0.0:	ネット情報
01028			
01030			
01031			
01032		::0.0:0.0:0.0:0.0:0.0:60.0:75.0:90.0:0.0:0.0:0.0:0.0:0.0:	ネット情報
01033		::0.0:0.0:0.0:0.0:0.0:60.0:75.0:90.0:0.0:0.0:0.0:0.0:0.0:	ネット情報
01034			
01035			
01036			
01037			
01148			
01038		::0.0:0.0:0.0:0.0:0.0:0.0:0.0:0.0:0.0:200.0:0.0:0.0	女子栄養大学出版部・調理のためのベーシックデータ第４版を参考にした。
01039		::0.0:0.0:0.0:0.0:0.0:0.0:0.0:0.0:0.0:250.0:0.0:0.0	女子栄養大学出版部・調理のためのベーシックデータ第４版を参考にした。
01041			
01042			
01043			
01044			
01045			
01046			
01047			
01048		-:-:0.0:0.0:0.0:0.0:0.0:0.0:0.0:0.0:0.0:0.0:0.0:0.0:0.0:-:0.0:130.0:	
01049			
01050			
01051			
01052			
01053			
01054			
01055			
01056			
01057			
01058			
01059			
01060			
01061			
01062			
01063			
01064			
01149			
01065			
01066			
01067			
01068			
01070		::0.0:3.0:8.0:0.0:0.0:0.0:0.0:0.0:0.0:0.0:0.0:0.0	女子栄養大学出版部・調理のためのベーシックデータ第４版を参考にした。
01071			
01072			
01073			
01074		::0.0:0.0:0.0:0.0:0.0:0.0:0.0:0.0:0.0:5.6:7.2:0.0:0.0:	ネット情報
01075			
01076			
01069			
01077		::0.0:1.0:3.0:40.0:0.0:0.0:0.0:0.0:0.0:0.0:0.0:0.0:0.0:	独自の値
01078		::0.0:1.0:3.0:40.0:0.0:0.0:0.0:0.0:0.0:0.0:0.0:0.0:0.0:	独自の値
01079		::0.0:1.0:3.0:40.0:0.0:0.0:0.0:0.0:0.0:0.0:0.0:0.0:0.0:	独自の値
01150			
01080			
01081			
01082			
01083		::0.0:0.0:0.0:166.31:160.0:0.0:0.0:0.0:0.0:0.0:0.0:0.0	ネット情報
01151		::0.0:0.0:0.0:166.31:160.0:0.0:0.0:0.0:0.0:0.0:0.0:0.0	ネット情報
01152		::0.0:0.0:0.0:166.31:160.0:0.0:0.0:0.0:0.0:0.0:0.0:0.0	ネット情報
01084			
01153			
01085			
01086			
01087			
01088			
01154			
01089			
01155			
01090			
01091			
01092			
01093			
01094			
01095			
01096			
01097			
01098			
01099			
01100			
01101			
01102			
01103			
01104			
01105			
01106			
01107			
01108			
01109			
01110			
01156			
01111			
01112			
01113			
01114		::0.0:3.0:9.0:130.0:0.0:0.0:0.0:0.0:0.0:0.0:0.0:0.0	女子栄養大学出版部・調理のためのベーシックデータ第４版を参考にした。
01157			
01158			
01159			
01160			
01115			
01116			
01117		::0.0:0.0:0.0:0.0:0.0:0.0:0.0:0.0:0.0:50.0:0.0:0.0:0.0:	経験より
01118			
01119			
01120			
01121		::0.0:4.0:12.0:160.0:0.0:0.0:0.0:0.0:0.0:0.0:0.0:0.0	女子栄養大学出版部・調理のためのベーシックデータ第４版を参考にした。
01161			
01122			
01123			
01124			
01125			
01126			
01127			
01128			
01129			
01130			
01131			
01162			
01132			
01163			
01133			
01164			
01134			
01165			
01135			
01136			
01137			
01138			
01139			
01140			
01141			
01142			
01143			
01166			
02001			
02041			
02002			
02003			
02004			
02042			
02043			
02044			
02005			
02006			
02007			
02008			
02045			
02046			
02047			
02009			
02048			
02049			
02010			
02011			
02012			
02050			
02051			
02052			
02053			
02013			
02014			
02015			
02016			
02017			
02018			
02019			
02020			
02021		::0.0:0.0:0.0:50.0:0.0:0.0:0.0:0.0:0.0:0.0:0.0:0.0	女子栄養大学出版部・調理のためのベーシックデータ第４版を参考にした。
02054			
02055			
02022			
02023			
02024			
02025			
02026			
02027			
02028		::0.0:3.0:9.0:130.0:0.0:0.0:0.0:0.0:0.0:0.0:0.0:0.0	女子栄養大学出版部・調理のためのベーシックデータ第４版を参考にした。
02029		::0.0:3.0:9.0:130.0:0.0:0.0:0.0:0.0:0.0:0.0:0.0:0.0	女子栄養大学出版部・調理のためのベーシックデータ第４版を参考にした。
02030		::0.0:3.0:9.0:130.0:0.0:0.0:0.0:0.0:0.0:0.0:0.0:0.0	女子栄養大学出版部・調理のためのベーシックデータ第４版を参考にした。
02031		::0.0:3.0:9.0:130.0:0.0:0.0:0.0:0.0:0.0:0.0:0.0:0.0	女子栄養大学出版部・調理のためのベーシックデータ第４版を参考にした。
02032		::0.0:3.0:9.0:130.0:0.0:0.0:0.0:0.0:0.0:0.0:0.0:0.0	女子栄養大学出版部・調理のためのベーシックデータ第４版を参考にした。
02033		::0.0:3.0:9.0:130.0:0.0:0.0:0.0:0.0:0.0:0.0:0.0:0.0	女子栄養大学出版部・調理のためのベーシックデータ第４版を参考にした。
02034		::0.0:3.0:9.0:130.0:0.0:0.0:0.0:0.0:0.0:0.0:0.0:0.0	女子栄養大学出版部・調理のためのベーシックデータ第４版を参考にした。
02035		::0.0:2.0:6.0:100.0:0.0:0.0:0.0:0.0:0.0:0.0:0.0:0.0	女子栄養大学出版部・調理のためのベーシックデータ第４版を参考にした。
02036			
02037			
02056			
02038			
02057			
02058			
02059			
02060			
02039			
02061			
02040			
02062			
03001			
03002			
03003		::0.0:3.0:9.0:130.0:0.0:0.0:0.0:0.0:0.0:0.0:0.0:0.0	女子栄養大学出版部・調理のためのベーシックデータ第４版を参考にした。
03004		::0.0:3.0:9.0:130.0:0.0:0.0:0.0:0.0:0.0:0.0:0.0:0.0	女子栄養大学出版部・調理のためのベーシックデータ第４版を参考にした。
03005		::0.0:4.0:12.0:180.0:0.0:0.0:0.0:0.0:0.0:0.0:0.0:0.0	女子栄養大学出版部・調理のためのベーシックデータ第４版を参考にした。
03006		::0.0:5.0:15.0:200.0:0.0:0.0:0.0:0.0:0.0:0.0:0.0:0.0	女子栄養大学出版部・調理のためのベーシックデータ第４版を参考にした。
03007			
03008			
03009			
03010			
03011			
03012			
03013			
03014			
03015			
03024		::1.4:7.0:21.0:280.0:0.0:0.0:0.0:0.0:0.0:0.0:0.0:0.0	女子栄養大学出版部・調理のためのベーシックデータ第４版を参考にした。
03025		::1.4:7.0:21.0:280.0:0.0:0.0:0.0:0.0:0.0:0.0:0.0:0.0	女子栄養大学出版部・調理のためのベーシックデータ第４版を参考にした。
03017			
03018			
03019			
03020			
03026			
03027			
03028			
03029			
03022		::1.4:7.0:21.0:280.0:0.0:0.0:0.0:0.0:0.0:0.0:0.0:0.0	女子栄養大学出版部・調理のためのベーシックデータ第４版を参考にした。
03023			
04001		::0.0:0.0:0.0:160.0:0.0:0.0:0.0:0.0:0.0:0.0:0.0:0.0	女子栄養大学出版部・調理のためのベーシックデータ第４版を参考にした。
04002			
04003			
04004			
04005			
04006			
04007			
04008			
04009			
04010			
04011			
04012			
04074			
04013			
04075			
04014			
04015			
04016			
04017			
04018			
04019			
04020			
04021			
04022			
04076			
04023			
04077			
04024		::0.0:0.0:0.0:135.0:0.0:0.0:0.0:0.0:0.0:0.0:0.0:0.0	女子栄養大学出版部・調理のためのベーシックデータ第４版を参考にした。
04025			
04026			
04027			
04078			
04079			
04080			
04028			
04081			
04029		::0.0:2.0:5.0:0.0:0.0:0.0:0.0:0.0:0.0:0.0:0.0:0.0	女子栄養大学出版部・調理のためのベーシックデータ第４版を参考にした。
04082		::0.0:2.0:5.0:0.0:0.0:0.0:0.0:0.0:0.0:0.0:0.0:0.0	女子栄養大学出版部・調理のためのベーシックデータ第４版を参考にした。
04030		::0.0:2.0:5.0:0.0:0.0:0.0:0.0:0.0:0.0:0.0:0.0:0.0	女子栄養大学出版部・調理のためのベーシックデータ第４版を参考にした。
04083			
04031			
04032			
04033			
04034			
04035			
04036			
04037			
04038			
04039			
04040		-:-:0.0:0.0:0.0:0.0:0.0:0.0:0.0:0.0:80.0:0.0:0.0:0.0:0.0:-:0.0:0.0:	
04084			
04085			
04086			
04041			
04042			
04087			
04043			
04044			
04045			
04088			
04046			
04047			
04048			
04049			
04051		::0.0:0.0:0.0:70.0:0.0:0.0:0.0:0.0:0.0:0.0:0.0:0.0	女子栄養大学出版部・調理のためのベーシックデータ第４版を参考にした。
04089			
04052			
04053			
04054			
04055			
04056			
04057			
04090			
04058			
04059			
04060			
04091			
04061			
04062			
04063			
04064			
04092			
04065			
04066			
04067			
04068			
04069			
04070			
04093			
04071			
04072			
04073			
04094			
05001		::0.0:0.0:0.0:0.0:0.0:0.0:0.0:0.0:1.0:1.2:1.3:0.0	独自の値。n=7で計測。平均値をM、標準偏差値を±したものをそれぞれSとLとした。
05002		::0.0:0.0:0.0:0.0:0.0:0.0:0.0:0.0:1.0:1.2:1.3:0.0	独自の値。n=7で計測。平均値をM、標準偏差値を±したものをそれぞれSとLとした。
05040		::0.0:0.0:0.0:0.0:0.0:0.0:0.0:0.0:1.0:1.2:1.3:0.0	独自の値。n=7で計測。平均値をM、標準偏差値を±したものをそれぞれSとLとした。
05003			
05041			
05004			
05005			
05006			
05007			
05008			
05009			
05010			
05011			
05012		::0.0:0.0:0.0:0.0:0.0:0.0:0.0:0.0:0.0:10.0:0.0:0.0:0.0:	経験より
05013			
05014			
05015			
05016			
05017		::0.0:3.0:9.0:120.0:0.0:0.0:0.0:0.0:0.0:0.0:0.0:0.0	女子栄養大学出版部・調理のためのベーシックデータ第４版を参考にした。
05018		::0.0:3.0:9.0:120.0:0.0:0.0:0.0:0.0:0.0:0.0:0.0:0.0:0.0:	女子栄養大学出版部・調理のためのベーシックデータ第４版を参考にした。
05019		::0.0:3.0:9.0:120.0:0.0:0.0:0.0:0.0:0.0:0.0:0.0:0.0:0.0:	女子栄養大学出版部・調理のためのベーシックデータ第４版を参考にした。
05042		::1.05:5.0:15.0:210.0:0.0:0.0:0.0:0.0:0.0:0.0:0.0:0.0	ネット情報
05020			
05021			
05022			
05023			
05024			
05043			
05025			
05026			
05027			
05028			
05029			
05030			
05031			
05032			
05033			
05034			
05044			
05035			
05045			
05036			
05037		::0.0:6.0:17.0:0.0:0.0:0.0:0.0:0.0:0.0:0.0:0.0:0.0	女子栄養大学出版部・調理のためのベーシックデータ第４版を参考にした。
06001			
06002			
06003		::0.0:2.0:6.0:0.0:0.0:0.0:0.0:0.0:0.0:0.0:0.0:0.0	女子栄養大学出版部・調理のためのベーシックデータ第４版を参考にした。
06004			
06005			
06006			
06007		::0.0:0.0:0.0:0.0:0.0:0.0:0.0:0.0:14.0:21.0:28.0:0.0:0.0:	独自の値。n=7で計測。平均値をM、標準偏差値を±したものをそれぞれSとLとした。
06008			
06327			
06009			
06328			
06010			
06011			
06012			
06013			
06014			
06015			
06016		::0.0:0.0:0.0:140.0:0.0:0.0:0.0:0.0:0.0:0.0:0.0:0.0	女子栄養大学出版部・調理のためのベーシックデータ第４版を参考にした。
06017			
06018			
06019			
06329			
06330			
06331			
06020		::0.0:0.0:0.0:0.0:0.0:0.0:0.0:0.0:1.3:1.8:2.3:0.0	独自の値。n=7で計測。平均値をM、標準偏差値を±したものをそれぞれSとLとした。
06021		::0.0:0.0:0.0:0.0:0.0:0.0:0.0:0.0:1.3:1.8:2.3:0.0	独自の値。n=7で計測。平均値をM、標準偏差値を±したものをそれぞれSとLとした。
06022			
06023		::0.0:0.0:0.0:130.0:0.0:0.0:0.0:0.0:0.0:0.0:0.0:0.0	女子栄養大学出版部・調理のためのベーシックデータ第４版を参考にした。
06024			
06025		::0.0:0.0:0.0:130.0:0.0:0.0:0.0:0.0:0.0:0.0:0.0:0.0	女子栄養大学出版部・調理のためのベーシックデータ第４版を参考にした。
06026			
06027			
06028			
06029			
06030			
06031			
06032		-:-:0.0:0.0:0.0:0.0:0.0:0.0:0.0:0.0:6.0:9.0:12.0:0.0:0.0:-:0.0:0.0:	ネット情報
06033			
06034			
06035			
06036			
06037			
06038			
06039			
06040			
06041			
06042			
06043			
06044			
06045			
06046			
06047			
06048			
06049			
06332			
06050			
06051			
06052			
06053			
06054			
06055			
06056			
06057			
06058			
06059			
06060			
06061			
06062			
06333			
06063			
06064			
06065		::0.0:0.0:0.0:0.0:0.0:0.0:0.0:0.0:90.0:120.0:160.0:0.0:0.0:	
06066			
06067			
06068			
06069			
06070			
06071			
06075			
06076			
06077			
06078			
06079			
06080			
06081			
06082			
06083			
06084			
06085			
06086			
06087			
06088			
06089			
06090			
06091			
06092			
06093			
06094			
06095			
06096			
06097			
06098			
06099			
06100			
06101			
06102			
06103		::0.0:4.0:10.0:0.0:0.0:0.0:0.0:0.0:0.0:0.0:0.0:0.0	女子栄養大学出版部・調理のためのベーシックデータ第４版を参考にした。
06104			
06105			
06106			
06107			
06108			
06109			
06110			
06111			
06112			
06113			
06114			
06115			
06116			
06117			
06118			
06119			
06120			
06121			
06122			
06123			
06124			
06125			
06126			
06127			
06128			
06129			
06130		::0.0:0.0:0.0:200.0:0.0:0.0:0.0:0.0:0.0:0.0:0.0:0.0	女子栄養大学出版部・調理のためのベーシックデータ第４版を参考にした。
06131			
06132			
06133			
06134			
06135			
06136			
06334			
06335			
06137			
06138			
06139			
06140			
06141			
06142			
06143			
06144			
06145			
06146			
06147			
06148			
06149			
06150			
06151			
06152			
06153		::0.0:3.0:10.0:0.0:0.0:0.0:0.0:0.0:160.0:210.0:260.0:0.0:0.0:	女子栄養大学出版部・調理のためのベーシックデータ第４版を参考にした。
06154		::0.0:3.0:10.0:0.0:0.0:0.0:0.0:0.0:160.0:210.0:260.0:0.0:0.0:	女子栄養大学出版部・調理のためのベーシックデータ第４版を参考にした。
06155			
06336			
06156			
06337			
06157			
06158			
06159			
06160			
06161			
06338			
06162			
06163			
06164			
06165			
06166			
06167			
06168			
06169			
06170			
06171			
06172		-:-:0.0:0.0:0.0:0.0:0.0:0.0:0.0:0.0:0.0:0.4:0.0:0.0:0.0:-:0.0:0.0:	ネット情報
06173			
06174			
06175			
06176			
06339			
06177			
06178		::0.0:0.0:0.0:150.0:0.0:0.0:0.0:0.0:0.0:0.0:0.0:0.0	女子栄養大学出版部・調理のためのベーシックデータ第４版を参考にした。
06179		::0.0:0.0:16.0:0.0:0.0:0.0:0.0:0.0:0.0:0.0:0.0:0.0	
06180		::0.0:0.0:0.0:150.0:0.0:0.0:0.0:0.0:0.0:0.0:0.0:0.0	女子栄養大学出版部・調理のためのベーシックデータ第４版を参考にした。
06181			
06182		::0.0:0.0:0.0:0.0:0.0:0.0:0.0:0.0:110.0:160.0:200.0:0.0:0.0:	
06183		::0.0:0.0:0.0:0.0:0.0:0.0:0.0:0.0:8.0:10.0:12.0:0.0	女子栄養大学出版部・調理のためのベーシックデータ第４版を参考にした。
06184			
06185			
06340			
06186			
06341			
06187			
06188			
06189			
06190			
06191		-:-:0.0:0.0:0.0:0.0:0.0:0.0:0.0:0.0:60.0:110.0:160.0:0.0:0.0:-:0.0:0.0:	
06192			
06342			
06343			
06193			
06194			
06195			
06196			
06197			
06198			
06199			
06200		-:-:0.0:0.0:0.0:0.0:0.0:0.0:0.0:0.0:0.0:0.0:0.0:0.0:0.0:-:0.0:0.0:	
06201			
06202			
06203			
06204			
06205			
06206			
06207			
06208			
06344			
06209			
06210			
06211			
06212			
06213			
06214			
06215			
06345			
06346			
06347			
06216			
06348			
06217			
06218			
06219			
06220			
06221			
06222			
06223		::0.0:4.0:10.0:0.0:0.0:0.0:0.0:0.0:0.0:0.0:0.0:0.0	女子栄養大学出版部・調理のためのベーシックデータ第４版を参考にした。
06349			
06224			
06225			
06226		::0.0:3.0:8.0:0.0:0.0:0.0:0.0:0.0:0.0:0.0:0.0:0.0	女子栄養大学出版部・調理のためのベーシックデータ第４版を参考にした。
06350			
06351			
06227			
06352			
06228			
06229			
06230			
06231			
06232			
06233			
06234			
06235			
06236			
06237			
06238			
06239		::0.0:1.0:3.0:0.0:0.0:0.0:0.0:0.0:0.0:0.0:0.0:0.0	女子栄養大学出版部・調理のためのベーシックデータ第４版を参考にした。
06240			
06241			
06353			
06242			
06243			
06244			
06245		-:-:0.0:0.0:0.0:0.0:0.0:0.0:0.0:0.0:35.0:40.0:45.0:0.0:0.0:-:0.0:0.0:	ネット情報
06246			
06247			
06248			
06249			
06250			
06251			
06252			
06253			
06254			
06255			
06256			
06257			
06258			
06259			
06260			
06261			
06262			
06263			
06264			
06354			
06265			
06266			
06267			
06355			
06356			
06268			
06357			
06358			
06359			
06269			
06270			
06271			
06272			
06273			
06072		-:-:0.0:0.0:0.0:0.0:0.0:0.0:0.0:0.0:0.0:0.0:0.0:0.0:0.0:-:0.0:200.0:	近所のスーパーの場合
06073			
06074			
06274			
06275			
06276			
06277			
06278			
06279			
06360			
06280			
06281			
06282			
06283			
06284			
06285			
06286			
06287			
06288			
06289			
06290			
06291			
06292			
06293			
06294			
06295			
06296			
06297			
06298			
06299			
06300			
06301			
06302			
06303			
06304			
06305			
06306			
06307			
06308			
06309			
06319			
06310			
06311			
06312			
06361			
06313			
06314			
06315			
06362			
06316			
06317			
06318			
06320			
06321			
06322			
06323			
06324			
06325			
06326			
07001			
07002			
07003			
07159			
07004			
07005			
07006			
07007			
07008			
07009			
07010		::1.25:7.0:21.0:250.0:0.0:0.0:0.0:0.0:0.0:0.0:0.0:0.0	女子栄養大学出版部・調理のためのベーシックデータ第４版を参考にした。
07011		::1.25:7.0:21.0:250.0:0.0:0.0:0.0:0.0:0.0:0.0:0.0:0.0	女子栄養大学出版部・調理のためのベーシックデータ第４版を参考にした。
07012			
07013		::1.25:7.0:21.0:250.0:0.0:0.0:0.0:0.0:0.0:0.0:0.0:0.0	女子栄養大学出版部・調理のためのベーシックデータ第４版を参考にした。
07014		::1.25:7.0:21.0:250.0:0.0:0.0:0.0:0.0:0.0:0.0:0.0:0.0	女子栄養大学出版部・調理のためのベーシックデータ第４版を参考にした。
07160			
07015			
07016			
07017			
07019			
07020			
07021			
07022			
07023			
07024			
07025			
07037			
07038			
07039			
07049		-:-:0.0:0.0:0.0:0.0:0.0:0.0:0.0:0.0:120.0:160.0:200.0:0.0:0.0:-:0.0:0.0:	
07050			
07051			
07053			
07018			
07026			
07027			
07028			
07029			
07030			
07031			
07032			
07033			
07034			
07035			
07036			
07040			
07041			
07042		::0.0:5.0:15.0:200.0:0.0:0.0:0.0:0.0:0.0:0.0:0.0:0.0:0.0:	
07043		::0.0:5.0:15.0:200.0:0.0:0.0:0.0:0.0:0.0:0.0:0.0:0.0:0.0:	
07044		::0.0:5.0:15.0:200.0:0.0:0.0:0.0:0.0:0.0:0.0:0.0:0.0:0.0:	
07045		::0.0:5.0:15.0:200.0:0.0:0.0:0.0:0.0:0.0:0.0:0.0:0.0:0.0:	
07046		::1.25:7.0:21.0:250.0:0.0:0.0:0.0:0.0:0.0:0.0:0.0:0.0	女子栄養大学出版部・調理のためのベーシックデータ第４版を参考にした。
07047		::1.25:7.0:21.0:250.0:0.0:0.0:0.0:0.0:0.0:0.0:0.0:0.0	女子栄養大学出版部・調理のためのベーシックデータ第４版を参考にした。
07161			
07048			
07052			
07162			
07163			
07056			
07062			
07164			
07063			
07064			
07065			
07066			
07067			
07074			
07075			
07076			
07165			
07078			
07079			
07166			
07085			
07083			
07093			
07094			
07105			
07167			
07112			
07113			
07126			
07127			
07129			
07142			
07143			
07145			
07155			
07156		::1.0:5.0:15.0:200.0:0.0:0.0:0.0:0.0:0.0:0.0:0.0:0.0	ネット情報
07054			
07168			
07055			
07057			
07169			
07058			
07059			
07060			
07061			
07157			
07158			
07170			
07070			
07071			
07072			
07073			
07077			
07171			
07069			
07080			
07081			
07082			
07086			
07111			
07087			
07088			
07089			
07090			
07091			
07092			
07095			
07096			
07097			
07098			
07099			
07100			
07101			
07102			
07103			
07104			
07106			
07107			
07108			
07109			
07110			
07114			
07115			
07116			
07117			
07118			
07119			
07120			
07121			
07122			
07123		::1.25:7.0:21.0:250.0:0.0:0.0:0.0:0.0:0.0:0.0:0.0:0.0	女子栄養大学出版部・調理のためのベーシックデータ第４版を参考にした。
07124			
07125		::1.25:7.0:21.0:250.0:0.0:0.0:0.0:0.0:0.0:0.0:0.0:0.0	女子栄養大学出版部・調理のためのベーシックデータ第４版を参考にした。
07172			
07128			
07130			
07173			
07131			
07132			
07133			
07134			
07135			
07174			
07136			
07137			
07138			
07175			
07139			
07140			
07141			
07144			
07146			
07147			
07148			
07176			
07149		::1.0:5.0:15.0:200.0:0.0:0.0:0.0:0.0:0.0:0.0:0.0:0.0	概算値
07150		::1.0:5.0:15.0:200.0:0.0:0.0:0.0:0.0:0.0:0.0:0.0:0.0	概算値
07151		::1.0:5.0:15.0:200.0:0.0:0.0:0.0:0.0:0.0:0.0:0.0:0.0	概算値
07152		::1.0:5.0:15.0:200.0:0.0:0.0:0.0:0.0:0.0:0.0:0.0:0.0	概算値
07153			
07154		::1.25:7.0:21.0:250.0:0.0:0.0:0.0:0.0:0.0:0.0:0.0:0.0	女子栄養大学出版部・調理のためのベーシックデータ第４版を参考にした。
08001			
08002			
08037			
08003			
08004			
08005			
08038			
08006			
08007			
08008			
08009			
08010			
08039		::0.0:0.0:0.0:0.0:0.0:0.0:0.0:0.0:14.0:17.0:20.0:0.0:0.0:	独自の値
08040			
08041			
08042		::0.0:0.0:0.0:0.0:0.0:0.0:0.0:0.0:14.0:17.0:20.0:0.0:0.0:	独自の値
08043			
08044			
08013			
08014			
08015			
08045			
08016			
08017			
08046			
08018			
08047			
08019			
08020			
08021			
08022			
08023			
08024			
08025			
08048			
08049			
08050			
08026			
08027			
08028			
08029			
08051			
08030			
08031		::0.0:0.0:0.0:0.0:0.0:0.0:0.0:0.0:10.0:17.0:24.0:0.0:0.0:	
08032			
08052			
08033			
08034			
08036			
09001		::0.0:1.0:2.0:0.0:0.0:0.0:0.0:0.0:0.0:0.0:0.0:0.0	女子栄養大学出版部・調理のためのベーシックデータ第４版を参考にした。
09002		::0.0:1.0:2.0:0.0:0.0:0.0:0.0:0.0:0.0:0.0:0.0:0.0	女子栄養大学出版部・調理のためのベーシックデータ第４版を参考にした。
09003			
09004			
09005			
09006			
09007			
09012			
09008			
09009			
09010			
09011			
09013			
09014			
09015			
09016			
09017			
09018			
09019			
09020			
09021			
09022			
09023			
09024			
09025			
09026			
09027			
09028			
09049		::0.0:2.0:6.0:0.0:0.0:0.0:0.0:0.0:0.0:0.0:0.0:0.0:0.0:	ネット情報
09029			
09030			
09050			
09051			
09052			
09053			
09054			
09055			
09032			
09033			
09034			
09035			
09036			
09037			
09038			
09039			
09040			
09041			
09042			
09043			
09044			
09045			
09046			
09047			
10001			
10002			
10003			
10389			
10004			
10005			
10390			
10006			
10007			
10391			
10392			
10393			
10394			
10008			
10009			
10010			
10011			
10012			
10013			
10014			
10015			
10016			
10017			
10018			
10019			
10020			
10021			
10022			
10023			
10024			
10025			
10026			
10027			
10028			
10029			
10030			
10031			
10032			
10033			
10034			
10035			
10036			
10037			
10038			
10039			
10040			
10041			
10042			
10043			
10044			
10045			
10046			
10047			
10048			
10049			
10395			
10050			
10051			
10052			
10053		::0.0:0.0:0.0:0.0:0.0:0.0:0.0:0.0:28.0:35.0:42.0:0.0	女子栄養大学出版部・調理のためのベーシックデータ第４版を参考にした。
10054			
10396			
10055			
10056			
10057			
10058			
10059			
10060			
10061			
10062			
10063			
10064			
10397			
10065			
10066			
10067			
10068			
10069			
10070			
10071			
10072			
10073			
10074			
10075			
10076			
10077			
10078			
10079			
10080			
10081			
10082			
10083			
10084			
10085			
10398			
10086			
10087			
10088			
10089			
10090			
10091			
10092			
10093			
10094			
10095			
10096		::0.0:0.0:0.0:0.0:0.0:0.0:0.0:0.0:80.0:0.0:0.0:0.0:0.0:	
10097		::0.0:0.0:0.0:0.0:0.0:0.0:0.0:0.0:80.0:0.0:0.0:0.0:0.0:	
10098			
10099			
10100			
10101			
10102			
10103			
10399			
10104			
10105			
10106			
10107			
10108			
10109			
10400			
10110			
10111			
10112			
10113			
10114			
10115			
10401			
10116			
10117			
10118			
10119			
10120			
10121			
10122			
10123			
10124			
10125			
10126			
10127			
10128			
10129			
10130			
10131			
10132			
10133			
10134			
10135			
10136			
10137			
10138			
10139			
10140		::0.0:6.0:17.0:0.0:0.0:0.0:0.0:0.0:0.0:0.0:0.0:0.0	女子栄養大学出版部・調理のためのベーシックデータ第４版を参考にした。
10141			
10142			
10143			
10144			
10145			
10146			
10402			
10147			
10148			
10149			
10150			
10151			
10152			
10153			
10154			
10155			
10156			
10403			
10157			
10404			
10405			
10406			
10158			
10159			
10160			
10161			
10162			
10163			
10164			
10165			
10166			
10167			
10168			
10169			
10170			
10171			
10172			
10173			
10407			
10174			
10175			
10176			
10177			
10178			
10179			
10180		::0.0:0.0:0.0:0.0:0.0:0.0:0.0:0.0:36.0:45.0:54.0:0.0	女子栄養大学出版部・調理のためのベーシックデータ第４版を参考にした。
10181			
10182			
10183			
10184			
10185			
10186			
10187			
10188			
10189			
10190			
10191			
10192			
10193			
10408			
10194			
10195			
10196			
10197			
10198			
10199			
10409			
10200			
10201			
10202		::0.0:0.0:0.0:0.0:0.0:0.0:0.0:0.0:36.0:45.0:54.0:0.0	女子栄養大学出版部・調理のためのベーシックデータ第４版を参考にした。
10203			
10204		::0.0:0.0:0.0:0.0:0.0:0.0:0.0:0.0:36.0:45.0:54.0:0.0	女子栄養大学出版部・調理のためのベーシックデータ第４版を参考にした。
10205			
10206			
10207			
10208			
10209			
10210			
10211			
10213		::0.0:0.0:0.0:0.0:0.0:0.0:0.0:0.0:24.0:30.0:36.0:0.0	女子栄養大学出版部・調理のためのベーシックデータ第４版を参考にした。
10214			
10215			
10212			
10216			
10217			
10218			
10219			
10220			
10221			
10222			
10223			
10224			
10225			
10226			
10227			
10228			
10229			
10230			
10231			
10233			
10234			
10235			
10410			
10236			
10237			
10238			
10239			
10240			
10241		::0.0:0.0:0.0:0.0:0.0:104.0:130.0:156.0:0.0:0.0:0.0:0.0	女子栄養大学出版部・調理のためのベーシックデータ第４版を参考にした。
10242			
10243		::0.0:0.0:0.0:0.0:0.0:104.0:130.0:156.0:0.0:0.0:0.0:0.0	女子栄養大学出版部・調理のためのベーシックデータ第４版を参考にした。
10411			
10244			
10245			
10246			
10247			
10248			
10412			
10249			
10250			
10251			
10252			
10253			
10254			
10255			
10256			
10257			
10258			
10259			
10260		::0.0:0.0:0.0:0.0:0.0:0.0:0.0:0.0:80.0:0.0:0.0:0.0:0.0:	
10261		::0.0:0.0:0.0:0.0:0.0:0.0:0.0:0.0:80.0:0.0:0.0:0.0:0.0:	
10262		::0.0:0.0:0.0:0.0:0.0:0.0:0.0:0.0:80.0:0.0:0.0:0.0:0.0:	
10263		::0.0:0.0:0.0:0.0:0.0:0.0:0.0:0.0:80.0:0.0:0.0:0.0:0.0:	
10264		::0.0:0.0:0.0:0.0:0.0:0.0:0.0:0.0:80.0:0.0:0.0:0.0:0.0:	
10265			
10266			
10232			
10267			
10268			
10269			
10270			
10271			
10272			
10273			
10274			
10275			
10276			
10277			
10278			
10279			
10280			
10281			
10282			
10283			
10284			
10285		::0.0:0.0:0.0:0.0:0.0:0.0:0.0:0.0:108.0:135.0:162.0:0.0	女子栄養大学出版部・調理のためのベーシックデータ第４版を参考にした。
10286			
10287			
10288		::0.0:0.0:0.0:0.0:0.0:0.0:0.0:0.0:108.0:135.0:162.0:0.0	女子栄養大学出版部・調理のためのベーシックデータ第４版を参考にした。
10289			
10290			
10291			
10292		-:-:0.0:0.0:0.0:0.0:0.0:0.0:0.0:0.0:16.0:20.0:25.0:0.0:0.0:-:0.0:0.0:	ネット情報
10293		-:-:0.0:0.0:0.0:0.0:0.0:0.0:0.0:0.0:16.0:20.0:25.0:0.0:0.0:-:0.0:0.0:	ネット情報
10294			
10295			
10296			
10318			
10297			
10413			
10298			
10299			
10300			
10301		::0.0:0.0:0.0:0.0:0.0:0.0:0.0:0.0:16.0:20.0:24.0:0.0	女子栄養大学出版部・調理のためのベーシックデータ第４版を参考にした。
10303		::0.0:0.0:0.0:0.0:0.0:0.0:0.0:0.0:8.0:10.0:12.0:0.0	女子栄養大学出版部・調理のためのベーシックデータ第４版を参考にした。
10304			
10305			
10306			
10307			
10308			
10309			
10310			
10311			
10312			
10313		::0.0:0.0:0.0:0.0:0.0:0.0:0.0:0.0:20.0:25.0:30.0:0.0	女子栄養大学出版部・調理のためのベーシックデータ第４版を参考にした。
10414			
10314			
10315		::0.0:0.0:0.0:0.0:0.0:0.0:0.0:0.0:20.0:25.0:30.0:0.0	女子栄養大学出版部・調理のためのベーシックデータ第４版を参考にした。
10316			
10317			
10319			
10320			
10321		::0.0:0.0:0.0:0.0:0.0:0.0:0.0:0.0:12.0:15.0:18.0:0.0	女子栄養大学出版部・調理のためのベーシックデータ第４版を参考にした。
10322			
10323			
10324			
10325			
10326			
10327		::0.0:0.0:0.0:0.0:0.0:0.0:0.0:0.0:20.0:25.0:30.0:0.0	女子栄養大学出版部・調理のためのベーシックデータ第４版を参考にした。
10328		::0.0:0.0:0.0:0.0:0.0:0.0:0.0:0.0:3.2:4.0:4.8:0.0	女子栄養大学出版部・調理のためのベーシックデータ第４版を参考にした。
10415			
10416			
10329			
10330			
10331			
10332			
10333			
10334			
10335			
10336			
10337			
10338			
10339			
10340			
10341			
10342			
10343			
10344			
10345			
10346			
10347			
10417			
10418			
10419			
10420			
10348			
10349			
10350			
10351			
10352			
10353			
10354			
10355			
10356			
10357			
10358		::0.0:7.0:20.0:0.0:0.0:0.0:0.0:0.0:0.0:0.0:0.0:0.0	女子栄養大学出版部・調理のためのベーシックデータ第４版を参考にした。
10359			
10360			
10361			
10362			
10363			
10364			
10365			
10366			
10367		::0.0:5.0:16.0:0.0:0.0:0.0:0.0:0.0:0.0:0.0:0.0:0.0	女子栄養大学出版部・調理のためのベーシックデータ第４版を参考にした。
10368			
10369			
10370			
10371			
10372		::0.0:0.0:0.0:0.0:0.0:0.0:0.0:0.0:128.0:160.0:192.0:0.0	女子栄養大学出版部・調理のためのベーシックデータ第４版を参考にした。
10373			
10374			
10375			
10376			
10377			
10378			
10379			
10380			
10381			
10382			
10383			
10384			
10385			
10386			
10387			
10388			
11001			
11002			
11003			
11004			
11005			
11006			
11007			
11008			
11009			
11010			
11011			
11248			
11249			
11012			
11013			
11014			
11015			
11016			
11017			
11018			
11019			
11020			
11250			
11251			
11021			
11022			
11023			
11024			
11025			
11026			
11027			
11028			
11029			
11030			
11031			
11032			
11033			
11034			
11035			
11036			
11037			
11038			
11039			
11040			
11041			
11042			
11043			
11044			
11045			
11046			
11252			
11047			
11048			
11049			
11050			
11051			
11052			
11053			
11054			
11055			
11056			
11057			
11058			
11059			
11253			
11254			
11255			
11256			
11257			
11258			
11259			
11260			
11261			
11262			
11263			
11264			
11265			
11266			
11267			
11060			
11061			
11062			
11063			
11064			
11065			
11066			
11067			
11268			
11269			
11068			
11069			
11070			
11071			
11072			
11073			
11074			
11075			
11076			
11270			
11271			
11077			
11078			
11079			
11080			
11081			
11082			
11083			
11084			
11085			
11086			
11087			
11088			
11089			
11272			
11090			
11273			
11091			
11092			
11093			
11094			
11095			
11096			
11097			
11098			
11099			
11100			
11101			
11102			
11103			
11274			
11104			
11105			
11106			
11107			
11108			
11109			
11110			
11111			
11112			
11113			
11114			
11275			
11115			
11116			
11117			
11118			
11119			
11120			
11121			
11122			
11123			
11124			
11125			
11276			
11126			
11127			
11128			
11129			
11277			
11130			
11131			
11132			
11133			
11134			
11135			
11136			
11137			
11138			
11139			
11140			
11278			
11279			
11141			
11142			
11143			
11144			
11145			
11146			
11147			
11148			
11149			
11150			
11151			
11152			
11153			
11154			
11155			
11156			
11157			
11158			
11159			
11160			
11161			
11162			
11163			
11280			
11164			
11165			
11166			
11167			
11168			
11169			
11170			
11171			
11172			
11173			
11174			
11175			
11176			
11177			
11181			
11182			
11178			
11180			
11183		::0.0:0.0:0.0:0.0:0.0:0.0:20.0:0.0:0.0:0.0:0.0:0.0:0.0:	経験より
11184			
11185			
11186		::0.0:0.0:0.0:0.0:0.0:0.0:0.0:0.0:12.0:15.0:18.0:0.0	女子栄養大学出版部・調理のためのベーシックデータ第４版を参考にした。
11187			
11188			
11189		::0.0:0.0:0.0:0.0:0.0:0.0:0.0:0.0:40.0:50.0:60.0:0.0	女子栄養大学出版部・調理のためのベーシックデータ第４版を参考にした。
11190			
11191			
11192			
11193			
11194			
11195			
11196		::0.0:5.0:15.0:0.0:0.0:0.0:0.0:0.0:0.0:0.0:0.0:0.0	女子栄養大学出版部・調理のためのベーシックデータ第４版を参考にした。
11197			
11198		::0.0:3.0:9.0:130.0:0.0:0.0:0.0:0.0:0.0:5.0:0.0:0.0:0.0:	女子栄養大学出版部・調理のためのベーシックデータ第４版を参考にした。
11199			
11281			
11200			
11201			
11202			
11282			
11203			
11283			
11179			
11204			
11207			
11239			
11208			
11205			
11206			
11247			
11284			
11209			
11210			
11211			
11212		::0.0:0.0:0.0:0.0:0.0:0.0:0.0:0.0:44.0:55.0:66.0:0.0	女子栄養大学出版部・調理のためのベーシックデータ第４版を参考にした。
11213			
11214			
11215		::0.0:0.0:0.0:0.0:0.0:0.0:0.0:0.0:24.0:30.0:36.0:0.0	女子栄養大学出版部・調理のためのベーシックデータ第４版を参考にした。
11216		::0.0:0.0:0.0:0.0:0.0:0.0:0.0:0.0:24.0:30.0:36.0:0.0	女子栄養大学出版部・調理のためのベーシックデータ第４版を参考にした。
11217		::0.0:0.0:0.0:0.0:0.0:0.0:0.0:0.0:28.0:35.0:42.0:0.0	女子栄養大学出版部・調理のためのベーシックデータ第４版を参考にした。
11218		::0.0:0.0:0.0:0.0:0.0:0.0:0.0:0.0:44.0:55.0:66.0:0.0	女子栄養大学出版部・調理のためのベーシックデータ第４版を参考にした。
11285		::0.0:0.0:0.0:0.0:0.0:0.0:0.0:0.0:20.0:25.0:30.0:0.0	女子栄養大学出版部・調理のためのベーシックデータ第４版を参考にした。
11286		::0.0:0.0:0.0:0.0:0.0:0.0:0.0:0.0:24.0:30.0:36.0:0.0	女子栄養大学出版部・調理のためのベーシックデータ第４版を参考にした。
11219			
11287			
11220			
11288			
11221			
11222			
11223			
11289			
11224			
11225			
11226			
11290			
11227		::0.0:0.0:0.0:0.0:0.0:0.0:0.0:0.0:28.0:35.0:42.0:0.0	女子栄養大学出版部・調理のためのベーシックデータ第４版を参考にした。
11228			
11229			
11230			
11291			
11231		::0.0:0.0:0.0:0.0:0.0:0.0:0.0:0.0:8.0:10.0:12.0:0.0	女子栄養大学出版部・調理のためのベーシックデータ第４版を参考にした。
11232		::0.0:0.0:0.0:0.0:0.0:0.0:0.0:0.0:40.0:50.0:60.0:0.0	女子栄養大学出版部・調理のためのベーシックデータ第４版を参考にした。
11233		::0.0:0.0:0.0:0.0:0.0:0.0:0.0:0.0:20.0:25.0:30.0:0.0	女子栄養大学出版部・調理のためのベーシックデータ第４版を参考にした。
11234			
11235			
11236			
11237			
11292			
11293			
11238			
11240			
11241			
11242			
11243			
11244			
12020		::0.0:0.0:0.0:0.0:0.0:0.0:0.0:0.0:0.0:70.0:0.0:0.0	女子栄養大学出版部・調理のためのベーシックデータ第４版を参考にした。
12001			
12002		::0.0:0.0:0.0:0.0:0.0:0.0:0.0:0.0:0.0:10.0:0.0:0.0	女子栄養大学出版部・調理のためのベーシックデータ第４版を参考にした。
12003		::0.0:0.0:0.0:0.0:0.0:0.0:0.0:0.0:0.0:10.0:0.0:0.0	女子栄養大学出版部・調理のためのベーシックデータ第４版を参考にした。
12004		::0.0:0.0:0.0:0.0:0.0:0.0:0.0:0.0:45.0:55.0:65.0:0.0:0.0:	女子栄養大学出版部・調理のためのベーシックデータ第４版を参考にした。
12005		::0.0:0.0:0.0:0.0:0.0:0.0:0.0:0.0:45.0:55.0:65.0:0.0:0.0:	女子栄養大学出版部・調理のためのベーシックデータ第４版を参考にした。
12006		::0.0:0.0:0.0:0.0:0.0:0.0:0.0:0.0:45.0:55.0:65.0:0.0:0.0:	女子栄養大学出版部・調理のためのベーシックデータ第４版を参考にした。
12007			
12008			
12009			
12010		::0.0:0.0:0.0:0.0:0.0:0.0:0.0:0.0:0.0:17.0:0.0:0.0	女子栄養大学出版部・調理のためのベーシックデータ第４版を参考にした。
12011		::0.0:0.0:0.0:0.0:0.0:0.0:0.0:0.0:0.0:17.0:0.0:0.0	女子栄養大学出版部・調理のためのベーシックデータ第４版を参考にした。
12012			
12013			
12014		::0.0:0.0:0.0:0.0:0.0:0.0:0.0:0.0:0.0:38.0:0.0:0.0	女子栄養大学出版部・調理のためのベーシックデータ第４版を参考にした。
12015		::0.0:0.0:0.0:0.0:0.0:0.0:0.0:0.0:0.0:38.0:0.0:0.0	女子栄養大学出版部・調理のためのベーシックデータ第４版を参考にした。
12016			
12017			
12018			
12019			
13001		::1.032:5.16:15.48:206.4:0.0:0.0:0.0:0.0:0.0:0.0:0.0:0.0	日本食品標準成分表2015年７訂の備考欄を参考にした。
13002		::1.032:5.16:15.48:206.4:0.0:0.0:0.0:0.0:0.0:0.0:0.0:0.0	日本食品標準成分表2015年７訂の備考欄を参考にした。
13003		::1.032:5.16:15.48:206.4:0.0:0.0:0.0:0.0:0.0:0.0:0.0:0.0	日本食品標準成分表2015年７訂の備考欄を参考にした。
13004		::1.04:5.2:15.6:208.0:0.0:0.0:0.0:0.0:0.0:0.0:0.0:0.0	日本食品標準成分表2015年７訂の備考欄を参考にした。
13005		::1.037:5.185:15.555:207.4:0.0:0.0:0.0:0.0:0.0:0.0:0.0:0.0	日本食品標準成分表2015年７訂の備考欄を参考にした。
13006		::1.036:5.18:15.54:207.2:0.0:0.0:0.0:0.0:0.0:0.0:0.0:0.0	日本食品標準成分表2015年７訂の備考欄を参考にした。
13007		::1.053:5.265:15.795:210.6:0.0:0.0:0.0:0.0:0.0:0.0:0.0:0.0	日本食品標準成分表2015年７訂の備考欄を参考にした。
13008		::1.051:5.255:15.765:210.2:0.0:0.0:0.0:0.0:0.0:0.0:0.0:0.0	日本食品標準成分表2015年７訂の備考欄を参考にした。
13009		::0.0:2.0:6.0:90.0:0.0:0.0:0.0:0.0:0.0:0.0:0.0:0.0	女子栄養大学出版部・調理のためのベーシックデータ第４版を参考にした。
13010		::0.0:2.0:6.0:90.0:0.0:0.0:0.0:0.0:0.0:0.0:0.0:0.0	女子栄養大学出版部・調理のためのベーシックデータ第４版を参考にした。
13011		::0.0:2.0:6.0:90.0:0.0:0.0:0.0:0.0:0.0:0.0:0.0:0.0	女子栄養大学出版部・調理のためのベーシックデータ第４版を参考にした。
13012		::1.35:7.0:20.0:270.0:0.0:0.0:0.0:0.0:0.0:0.0:0.0:0.0	ネット情報
13013		::1.35:7.0:20.0:270.0:0.0:0.0:0.0:0.0:0.0:0.0:0.0:0.0	ネット情報
13014		::0.0:5.0:15.0:200.0:0.0:0.0:0.0:0.0:0.0:0.0:0.0:0.0	女子栄養大学出版部・調理のためのベーシックデータ第４版を参考にした。
13015		::0.0:5.0:15.0:200.0:0.0:0.0:0.0:0.0:0.0:0.0:0.0:0.0	女子栄養大学出版部・調理のためのベーシックデータ第４版を参考にした。
13016		::0.0:5.0:15.0:200.0:0.0:0.0:0.0:0.0:0.0:0.0:0.0:0.0	女子栄養大学出版部・調理のためのベーシックデータ第４版を参考にした。
13017			
13018			
13019			
13020			
13021			
13022			
13023			
13024			
13025		::1.0:5.0:15.0:210.0:0.0:0.0:0.0:0.0:0.0:0.0:0.0:0.0:0.0:	
13053		::1.0:5.0:15.0:210.0:0.0:0.0:0.0:0.0:0.0:0.0:0.0:0.0:0.0:	
13054		::1.0:5.0:15.0:210.0:0.0:0.0:0.0:0.0:0.0:0.0:0.0:0.0:0.0:	
13026		::1.0:5.0:15.0:210.0:0.0:0.0:0.0:0.0:0.0:0.0:0.0:0.0:0.0:	
13027			
13028			
13029			
13030			
13031			
13032			
13033		::0.0:5.0:15.0:0.0:0.0:0.0:0.0:0.0:0.0:0.0:0.0:0.0	女子栄養大学出版部・調理のためのベーシックデータ第４版を参考にした。
13034		::0.0:5.0:15.0:0.0:0.0:0.0:0.0:0.0:0.0:0.0:0.0:0.0	女子栄養大学出版部・調理のためのベーシックデータ第４版を参考にした。
13035			
13036			
13037			
13038		::0.0:2.0:6.0:0.0:0.0:0.0:0.0:0.0:0.0:0.0:0.0:0.0	ネット情報
13039			
13055		::0.0:5.0:15.0:0.0:0.0:0.0:0.0:0.0:0.0:0.0:0.0:0.0	女子栄養大学出版部・調理のためのベーシックデータ第４版を参考にした。
13056		::0.0:5.0:15.0:0.0:0.0:0.0:0.0:0.0:0.0:0.0:0.0:0.0	女子栄養大学出版部・調理のためのベーシックデータ第４版を参考にした。
13057			
13058			
13040			
13041			
13042			
13043			
13044			
13045			
13046			
13047			
13048			
13049			
13050			
13051			
13052			
14023		::0.9:4.0:12.0:180.0:0.0:0.0:0.0:0.0:0.0:0.0:0.0:0.0	女子栄養大学出版部・調理のためのベーシックデータ第４版を参考にした。
14024		::0.9:4.0:12.0:180.0:0.0:0.0:0.0:0.0:0.0:0.0:0.0:0.0	女子栄養大学出版部・調理のためのベーシックデータ第４版を参考にした。
14001		::0.9:4.0:12.0:180.0:0.0:0.0:0.0:0.0:0.0:0.0:0.0:0.0	女子栄養大学出版部・調理のためのベーシックデータ第４版を参考にした。
14002		::0.9:4.0:12.0:180.0:0.0:0.0:0.0:0.0:0.0:0.0:0.0:0.0	女子栄養大学出版部・調理のためのベーシックデータ第４版を参考にした。
14003		::0.9:4.0:12.0:180.0:0.0:0.0:0.0:0.0:0.0:0.0:0.0:0.0	女子栄養大学出版部・調理のためのベーシックデータ第４版を参考にした。
14004		::0.9:4.0:12.0:180.0:0.0:0.0:0.0:0.0:0.0:0.0:0.0:0.0	女子栄養大学出版部・調理のためのベーシックデータ第４版を参考にした。
14025		::0.9:4.0:12.0:180.0:0.0:0.0:0.0:0.0:0.0:0.0:0.0:0.0	女子栄養大学出版部・調理のためのベーシックデータ第４版を参考にした。
14005		::0.9:4.0:12.0:180.0:0.0:0.0:0.0:0.0:0.0:0.0:0.0:0.0	女子栄養大学出版部・調理のためのベーシックデータ第４版を参考にした。
14006		::0.9:4.0:12.0:180.0:0.0:0.0:0.0:0.0:0.0:0.0:0.0:0.0	女子栄養大学出版部・調理のためのベーシックデータ第４版を参考にした。
14007		::0.9:4.0:12.0:180.0:0.0:0.0:0.0:0.0:0.0:0.0:0.0:0.0	女子栄養大学出版部・調理のためのベーシックデータ第４版を参考にした。
14008		::0.9:4.0:12.0:180.0:0.0:0.0:0.0:0.0:0.0:0.0:0.0:0.0	女子栄養大学出版部・調理のためのベーシックデータ第４版を参考にした。
14009		::0.9:4.0:12.0:180.0:0.0:0.0:0.0:0.0:0.0:0.0:0.0:0.0	女子栄養大学出版部・調理のためのベーシックデータ第４版を参考にした。
14010		::0.9:4.0:12.0:180.0:0.0:0.0:0.0:0.0:0.0:0.0:0.0:0.0	女子栄養大学出版部・調理のためのベーシックデータ第４版を参考にした。
14011		::0.9:4.0:12.0:180.0:0.0:0.0:0.0:0.0:0.0:0.0:0.0:0.0	女子栄養大学出版部・調理のためのベーシックデータ第４版を参考にした。
14026		::0.9:4.0:12.0:180.0:0.0:0.0:0.0:0.0:0.0:0.0:0.0:0.0	女子栄養大学出版部・調理のためのベーシックデータ第４版を参考にした。
14027		::0.9:4.0:12.0:180.0:0.0:0.0:0.0:0.0:0.0:0.0:0.0:0.0	女子栄養大学出版部・調理のためのベーシックデータ第４版を参考にした。
14028		::0.9:4.0:12.0:180.0:0.0:0.0:0.0:0.0:0.0:0.0:0.0:0.0	女子栄養大学出版部・調理のためのベーシックデータ第４版を参考にした。
14012		::0.9:4.0:12.0:180.0:0.0:0.0:0.0:0.0:0.0:0.0:0.0:0.0	女子栄養大学出版部・調理のためのベーシックデータ第４版を参考にした。
14013		::0.9:4.0:12.0:180.0:0.0:0.0:0.0:0.0:0.0:0.0:0.0:0.0	女子栄養大学出版部・調理のためのベーシックデータ第４版を参考にした。
14014		::0.9:4.0:12.0:180.0:0.0:0.0:0.0:0.0:0.0:0.0:0.0:0.0	女子栄養大学出版部・調理のためのベーシックデータ第４版を参考にした。
14015		::0.0:4.0:12.0:170.0:0.0:0.0:0.0:0.0:0.0:0.0:0.0:0.0	女子栄養大学出版部・調理のためのベーシックデータ第４版を参考にした。
14016		::0.0:4.0:12.0:170.0:0.0:0.0:0.0:0.0:0.0:0.0:0.0:0.0	女子栄養大学出版部・調理のためのベーシックデータ第４版を参考にした。
14017		::0.0:4.0:12.0:180.0:0.0:0.0:0.0:0.0:0.0:0.0:0.0:0.0	女子栄養大学出版部・調理のためのベーシックデータ第４版を参考にした。
14018		::0.0:4.0:12.0:180.0:0.0:0.0:0.0:0.0:0.0:0.0:0.0:0.0	女子栄養大学出版部・調理のためのベーシックデータ第４版を参考にした。
14019		::0.0:4.0:12.0:180.0:0.0:0.0:0.0:0.0:0.0:0.0:0.0:0.0	女子栄養大学出版部・調理のためのベーシックデータ第４版を参考にした。
14020		::0.0:4.0:12.0:180.0:0.0:0.0:0.0:0.0:0.0:0.0:0.0:0.0	女子栄養大学出版部・調理のためのベーシックデータ第４版を参考にした。
14029		::0.0:4.0:12.0:180.0:0.0:0.0:0.0:0.0:0.0:0.0:0.0:0.0	女子栄養大学出版部・調理のためのベーシックデータ第４版を参考にした。
14021		::0.0:4.0:12.0:180.0:0.0:0.0:0.0:0.0:0.0:0.0:0.0:0.0	女子栄養大学出版部・調理のためのベーシックデータ第４版を参考にした。
14022		::0.0:4.0:12.0:160.0:0.0:0.0:0.0:0.0:0.0:0.0:0.0:0.0	女子栄養大学出版部・調理のためのベーシックデータ第４版を参考にした。
14030		::0.0:4.0:12.0:160.0:0.0:0.0:0.0:0.0:0.0:0.0:0.0:0.0	女子栄養大学出版部・調理のためのベーシックデータ第４版を参考にした。
14031		::0.0:4.0:12.0:160.0:0.0:0.0:0.0:0.0:0.0:0.0:0.0:0.0	女子栄養大学出版部・調理のためのベーシックデータ第４版を参考にした。
15001			
15002			
15003			
15005			
15006			
15007			
15008			
15009			
15010			
15011			
15012			
15013			
15014			
15015			
15016			
15017			
15018			
15019			
15121			
15122			
15020			
15123			
15021			
15022			
15124			
15023			
15024			
15025			
15026			
15027			
15004			
15028			
15029			
15030			
15031			
15032			
15033			
15034			
15035			
15036			
15037			
15038			
15039			
15040			
15041			
15042			
15043			
15044			
15045			
15046			
15047			
15048			
15049			
15050			
15051			
15052			
15053			
15055			
15056			
15057			
15058			
15059			
15060			
15061			
15062			
15063			
15064			
15065			
15066			
15067			
15068			
15125			
15069			
15126			
15127			
15128			
15129			
15070			
15130			
15071			
15072			
15131			
15132			
15073			
15074			
15075			
15133			
15134			
15135			
15076			
15077			
15078			
15079			
15080			
15081			
15082			
15083			
15084			
15085			
15086			
15136			
15087			
15088			
15089			
15090			
15091			
15092			
15141			
15093			
15094			
15095			
15054			
15097			
15098			
15099			
15096			
15100			
15101			
15102			
15103			
15104			
15109			
15105			
15107			
15108			
15110			
15111			
15112			
15113			
15106			
15137			
15114			
15115			
15116			
15117			
15118			
15119			
15120			
15138			
15139			
15140			
16001		::1.0:5.0:15.0:200.0:180.0:0.0:0.0:0.0:0.0:0.0:0.0:0.0	女子栄養大学出版部・調理のためのベーシックデータ第４版を参考にした。
16002		::1.0:5.0:15.0:200.0:180.0:0.0:0.0:0.0:0.0:0.0:0.0:0.0	女子栄養大学出版部・調理のためのベーシックデータ第４版を参考にした。
16003		::1.0:5.0:15.0:200.0:180.0:0.0:0.0:0.0:0.0:0.0:0.0:0.0	女子栄養大学出版部・調理のためのベーシックデータ第４版を参考にした。
16004		::1.0:5.0:15.0:200.0:180.0:0.0:0.0:0.0:0.0:0.0:0.0:0.0	女子栄養大学出版部・調理のためのベーシックデータ第４版を参考にした。
16005		::1.0:5.0:15.0:200.0:180.0:0.0:0.0:0.0:0.0:0.0:0.0:0.0	女子栄養大学出版部・調理のためのベーシックデータ第４版を参考にした。
16006		::1.0:5.0:15.0:200.0:0.0:0.0:0.0:0.0:0.0:0.0:0.0:0.0	女子栄養大学出版部・調理のためのベーシックデータ第４版を参考にした。
16007		::1.0:5.0:15.0:200.0:0.0:0.0:0.0:0.0:0.0:0.0:0.0:0.0	女子栄養大学出版部・調理のためのベーシックデータ第４版を参考にした。
16008		::1.0:5.0:15.0:200.0:0.0:0.0:0.0:0.0:0.0:0.0:0.0:0.0	女子栄養大学出版部・調理のためのベーシックデータ第４版を参考にした。
16009		-:-:1.0:5.0:15.0:200.0:0.0:0.0:0.0:0.0:0.0:350.0:500.0:0.0:0.0:-:0.0:0.0:	女子栄養大学出版部・調理のためのベーシックデータ第４版を参考にした。
16010		::1.0:5.0:15.0:200.0:0.0:0.0:0.0:0.0:0.0:0.0:0.0:0.0	女子栄養大学出版部・調理のためのベーシックデータ第４版を参考にした。
16011		::1.0:5.0:15.0:200.0:0.0:0.0:0.0:0.0:0.0:0.0:0.0:0.0	女子栄養大学出版部・調理のためのベーシックデータ第４版を参考にした。
16012		::1.0:5.0:15.0:200.0:0.0:0.0:0.0:0.0:0.0:0.0:0.0:0.0	女子栄養大学出版部・調理のためのベーシックデータ第４版を参考にした。
16013		::1.0:5.0:15.0:200.0:0.0:0.0:0.0:0.0:0.0:0.0:0.0:0.0	女子栄養大学出版部・調理のためのベーシックデータ第４版を参考にした。
16014		::0.958:4.79:14.37:191.6:0.0:0.0:0.0:0.0:0.0:0.0:0.0:0.0	日本食品標準成分表2015年７訂の備考欄を参考にした。
16015		::0.97:4.85:14.55:194.0:0.0:0.0:0.0:0.0:0.0:0.0:0.0:0.0	日本食品標準成分表2015年７訂の備考欄を参考にした。
16016		::0.952:4.76:14.28:190.4:0.0:0.0:0.0:0.0:0.0:0.0:0.0:0.0	日本食品標準成分表2015年７訂の備考欄を参考にした。
16017		::0.952:4.76:14.28:190.4:0.0:0.0:0.0:0.0:0.0:0.0:0.0:0.0	日本食品標準成分表2015年７訂の備考欄を参考にした。
16018		::0.95:4.75:14.25:190.0:0.0:0.0:0.0:0.0:0.0:0.0:0.0:0.0	日本食品標準成分表2015年７訂の備考欄を参考にした。
16019		::0.94:4.7:14.1:188.0:0.0:0.0:0.0:0.0:0.0:0.0:0.0:0.0	日本食品標準成分表2015年７訂の備考欄を参考にした。
16020		::0.951:4.755:14.265:190.2:0.0:0.0:0.0:0.0:0.0:0.0:0.0:0.0	日本食品標準成分表2015年７訂の備考欄を参考にした。
16021		::0.93:4.65:13.95:186.0:0.0:0.0:0.0:0.0:0.0:0.0:0.0:0.0	日本食品標準成分表2015年７訂の備考欄を参考にした。
16022		::1.039:5.195:15.585:207.8:0.0:0.0:0.0:0.0:0.0:0.0:0.0:0.0	日本食品標準成分表2015年７訂の備考欄を参考にした。
16023		::1.0:5.0:15.0:200.0:180.0:0.0:0.0:0.0:0.0:0.0:0.0:0.0	女子栄養大学出版部・調理のためのベーシックデータ第４版を参考にした。
16024		::1.21:6.05:18.15:242.0:0.0:0.0:0.0:0.0:0.0:0.0:0.0:0.0	日本食品標準成分表2015年７訂の備考欄を参考にした。
16025		::1.17:5.85:17.55:234.0:0.0:0.0:0.0:0.0:0.0:0.0:0.0:0.0	日本食品標準成分表2015年７訂の備考欄を参考にした。
16026		::1.031:5.155:15.465:206.2:0.0:0.0:0.0:0.0:0.0:0.0:0.0:0.0	日本食品標準成分表2015年７訂の備考欄を参考にした。
16027		::1.093:5.465:16.395:218.6:0.0:0.0:0.0:0.0:0.0:0.0:0.0:0.0	日本食品標準成分表2015年７訂の備考欄を参考にした。
16028		::1.053:5.265:15.795:210.6:0.0:0.0:0.0:0.0:0.0:0.0:0.0:0.0	日本食品標準成分表2015年７訂の備考欄を参考にした。
16029		::1.037:5.185:15.555:207.4:0.0:0.0:0.0:0.0:0.0:0.0:0.0:0.0	日本食品標準成分表2015年７訂の備考欄を参考にした。
16030		::1.12:5.6:16.8:224.0:0.0:0.0:0.0:0.0:0.0:0.0:0.0:0.0	日本食品標準成分表2015年７訂の備考欄を参考にした。
16031		::1.047:5.235:15.705:209.4:0.0:0.0:0.0:0.0:0.0:0.0:0.0:0.0	日本食品標準成分表2015年７訂の備考欄を参考にした。
16032			
16033			
16034			
16035		::0.0:2.0:6.0:110.0:0.0:0.0:0.0:0.0:0.0:0.0:0.0:0.0	女子栄養大学出版部・調理のためのベーシックデータ第４版を参考にした。
16036			
16037			
16038			
16039			
16040			
16041			
16042			
16043		::0.0:2.0:6.0:60.0:0.0:0.0:0.0:0.0:0.0:2.0:0.0:0.0:0.0:	女子栄養大学出版部・調理のためのベーシックデータ第４版を参考にした。
16044			
16045			
16046		::0.0:2.0:6.0:0.0:0.0:0.0:0.0:0.0:0.0:0.0:0.0:0.0:0.0:	ネット情報
16047			
16048		::0.0:2.0:6.0:90.0:0.0:0.0:0.0:0.0:0.0:0.0:0.0:0.0:0.0:	女子栄養大学出版部・調理のためのベーシックデータ第４版を参考にした。
16049		::0.0:2.0:6.0:90.0:0.0:0.0:0.0:0.0:0.0:0.0:0.0:0.0:0.0:	女子栄養大学出版部・調理のためのベーシックデータ第４版を参考にした。
16056			
16050			
16051			
16057			
16052			
16053			
16054			
16058			
16055			
17001		::1.2:6.0:18.0:240.0:0.0:0.0:0.0:0.0:0.0:0.0:0.0:0.0	女子栄養大学出版部・調理のためのベーシックデータ第４版を参考にした。
17002		::1.2:6.0:18.0:240.0:0.0:0.0:0.0:0.0:0.0:0.0:0.0:0.0	女子栄養大学出版部・調理のためのベーシックデータ第４版を参考にした。
17003		::1.2:6.0:18.0:240.0:0.0:0.0:0.0:0.0:0.0:0.0:0.0:0.0	女子栄養大学出版部・調理のためのベーシックデータ第４版を参考にした。
17085		::1.333:6.666:20.0:266.6:0.0:0.0:0.0:0.0:0.0:0.0:0.0:0.0	女子栄養大学出版部・調理のためのベーシックデータ第４版を参考にした。
17004		::1.2:6.0:18.0:240.0:0.0:0.0:0.0:0.0:0.0:0.0:0.0:0.0	女子栄養大学出版部・調理のためのベーシックデータ第４版を参考にした。
17005			
17006		-:-:0.0:3.0:9.0:0.0:0.0:0.0:0.0:0.0:0.0:0.0:0.0:0.0:0.0:-:0.0:0.0:	ネット情報
17007		::1.181:5.905:17.715:236.2:0.0:0.0:0.0:0.0:0.0:0.0:0.0:0.0	日本食品標準成分表2015年７訂の備考欄を参考にした。
17008		::1.181:5.905:17.715:236.2:0.0:0.0:0.0:0.0:0.0:0.0:0.0:0.0	日本食品標準成分表2015年７訂の備考欄を参考にした。
17009		::1.211:6.055:18.165:242.2:0.0:0.0:0.0:0.0:0.0:0.0:0.0:0.0	日本食品標準成分表2015年７訂の備考欄を参考にした。
17010		::1.211:6.055:18.165:242.2:0.0:0.0:0.0:0.0:0.0:0.0:0.0:0.0	日本食品標準成分表2015年７訂の備考欄を参考にした。
17011		::1.211:6.055:18.165:242.2:0.0:0.0:0.0:0.0:0.0:0.0:0.0:0.0	日本食品標準成分表2015年７訂の備考欄を参考にした。
17086		::1.12:5.6:16.8:224.0:0.0:0.0:0.0:0.0:0.0:0.0:0.0:0.0	日本食品標準成分表2015年７訂の備考欄を参考にした。
17087		::1.15:6.0:18.0:230.0:0.0:0.0:0.0:0.0:0.0:0.0:0.0:0.0	女子栄養大学出版部・調理のためのベーシックデータ第４版を参考
17088		::1.15:6.0:18.0:230.0:0.0:0.0:0.0:0.0:0.0:0.0:0.0:0.0	女子栄養大学出版部・調理のためのベーシックデータ第４版を参考
17012		::1.2:6.0:18.0:240.0:0.0:0.0:0.0:0.0:0.0:0.0:0.0:0.0	女子栄養大学出版部・調理のためのベーシックデータ第４版を参考にした。
17013		::0.9:4.5:13.5:180.0:0.0:0.0:0.0:0.0:0.0:0.0:0.0:0.0	女子栄養大学出版部・調理のためのベーシックデータ第４版を参考にした。
17014		::1.2:6.0:18.0:240.0:0.0:0.0:0.0:0.0:0.0:0.0:0.0:0.0	女子栄養大学出版部・調理のためのベーシックデータ第４版を参考にした。
17089		::1.2:6.0:18.0:240.0:0.0:0.0:0.0:0.0:0.0:0.0:0.0:0.0	女子栄養大学出版部・調理のためのベーシックデータ第４版を参考にした。
17090		::1.0:5.0:15.0:200.0:0.0:0.0:0.0:0.0:0.0:0.0:0.0:0.0	女子栄養大学出版部・調理のためのベーシックデータ第４版を参考にした。
17015		::1.0:5.0:15.0:200.0:0.0:0.0:0.0:0.0:0.0:0.0:0.0:0.0	女子栄養大学出版部・調理のためのベーシックデータ第４版を参考にした。
17016		::1.0:5.0:15.0:200.0:0.0:0.0:0.0:0.0:0.0:0.0:0.0:0.0	女子栄養大学出版部・調理のためのベーシックデータ第４版を参考にした。
17091		::1.0:5.0:15.0:200.0:0.0:0.0:0.0:0.0:0.0:0.0:0.0:0.0	女子栄養大学出版部・調理のためのベーシックデータ第４版を参考にした。
17017		::1.0:5.0:15.0:200.0:0.0:0.0:0.0:0.0:0.0:0.0:0.0:0.0	女子栄養大学出版部・調理のためのベーシックデータ第４版を参考にした。
17018		::1.0:5.0:15.0:200.0:0.0:0.0:0.0:0.0:0.0:0.0:0.0:0.0	女子栄養大学出版部・調理のためのベーシックデータ第４版を参考にした。
17019			
17020			
17021			
17022			
17023			
17024			
17025			
17026			
17027		::0.0:0.0:0.0:0.0:0.0:0.0:0.0:0.0:0.0:5.3:0.0:0.0	味の素ＫＫコンソメ　公式値
17092		::0.0:4.0:12.0:160.0:0.0:0.0:0.0:0.0:0.0:0.0:0.0:0.0	女子栄養大学出版部・調理のためのベーシックデータ第４版を参考にした。
17093		::0.0:2.5:7.5:100.0:0.0:0.0:0.0:0.0:0.0:0.0:0.0:0.0	女子栄養大学出版部・調理のためのベーシックデータ第４版を参考にした。
17028		::0.0:4.0:12.0:160.0:0.0:0.0:0.0:0.0:0.0:0.0:0.0:0.0	女子栄養大学出版部・調理のためのベーシックデータ第４版を参考にした。
17029		::1.066:5.333:15.99:213.2:0.0:0.0:0.0:0.0:0.0:0.0:0.0:0.0	女子栄養大学出版部・調理のためのベーシックデータ第４版を参考にした。
17030		::1.133:5.666:17.0:226.6:0.0:0.0:0.0:0.0:0.0:0.0:0.0:0.0	女子栄養大学出版部・調理のためのベーシックデータ第４版を参考にした。
17094			
17095			
17031		::1.2:6.0:18.0:240.0:0.0:0.0:0.0:0.0:0.0:0.0:0.0:0.0	女子栄養大学出版部・調理のためのベーシックデータ第４版を参考にした。
17096			
17097			
17098		::1.266:6.333:19.0:253.2:0.0:0.0:0.0:0.0:0.0:0.0:0.0:0.0	女子栄養大学出版部・調理のためのベーシックデータ第４版を参考にした。
17099			
17100			
17101			
17102			
17103			
17104			
17105			
17106		::1.4:7.0:21.0:280.0:0.0:0.0:0.0:0.0:0.0:0.0:0.0:0.0	女子栄養大学出版部・調理のためのベーシックデータ第４版を参考にした。
17107		::1.2:6.0:18.0:240.0:0.0:0.0:0.0:0.0:0.0:0.0:0.0:0.0	女子栄養大学出版部・調理のためのベーシックデータ第４版を参考にした。
17108			
17109			
17110		::1.2:6.0:18.0:240.0:0.0:0.0:0.0:0.0:0.0:0.0:0.0:0.0	女子栄養大学出版部・調理のためのベーシックデータ第４版を参考にした。
17032			
17111			
17033			
17112			
17113		::1.133:5.666:17.0:226.6:0.0:0.0:0.0:0.0:0.0:0.0:0.0:0.0	女子栄養大学出版部・調理のためのベーシックデータ第４版を参考にした。
17114			
17115			
17034		::1.05:5.0:15.0:210.0:0.0:0.0:0.0:0.0:0.0:0.0:0.0:0.0	女子栄養大学出版部・調理のためのベーシックデータ第４版を参考にした。
17035			
17036		::1.15:5.0:15.0:230.0:0.0:0.0:0.0:0.0:0.0:0.0:0.0:0.0	女子栄養大学出版部・調理のためのベーシックデータ第４版を参考にした。
17037		::1.2:6.0:18.0:240.0:0.0:0.0:0.0:0.0:0.0:0.0:0.0:0.0	女子栄養大学出版部・調理のためのベーシックデータ第４版を参考にした。
17038			
17039		::1.0:5.0:15.0:200.0:0.0:0.0:0.0:0.0:0.0:0.0:0.0:0.0	女子栄養大学出版部・調理のためのベーシックデータ第４版を参考にした。
17040		::1.0:5.0:15.0:200.0:0.0:0.0:0.0:0.0:0.0:0.0:0.0:0.0	女子栄養大学出版部・調理のためのベーシックデータ第４版を参考にした。
17116		::1.0:5.0:15.0:200.0:0.0:0.0:0.0:0.0:0.0:0.0:0.0:0.0	女子栄養大学出版部・調理のためのベーシックデータ第４版を参考にした。
17117		::1.0:5.0:15.0:200.0:0.0:0.0:0.0:0.0:0.0:0.0:0.0:0.0	女子栄養大学出版部・調理のためのベーシックデータ第４版を参考にした。
17041		::1.0:5.0:15.0:200.0:0.0:0.0:0.0:0.0:0.0:0.0:0.0:0.0	女子栄養大学出版部・調理のためのベーシックデータ第４版を参考にした。
17042		::0.95:4.0:12.0:190.0:0.0:0.0:0.0:0.0:0.0:0.0:0.0:0.0	女子栄養大学出版部・調理のためのベーシックデータ第４版を参考にした。
17043		::0.95:4.0:12.0:190.0:0.0:0.0:0.0:0.0:0.0:0.0:0.0:0.0	女子栄養大学出版部・調理のためのベーシックデータ第４版を参考にした。
17118		::0.95:4.0:12.0:190.0:0.0:0.0:0.0:0.0:0.0:0.0:0.0:0.0	女子栄養大学出版部・調理のためのベーシックデータ第４版を参考にした。
17044		::1.15:5.75:17.25:230.0:0.0:0.0:0.0:0.0:0.0:0.0:0.0:0.0	女子栄養大学出版部・調理のためのベーシックデータ第４版を参考にした。
17045		::1.15:5.75:17.25:230.0:0.0:0.0:0.0:0.0:0.0:0.0:0.0:0.0	女子栄養大学出版部・調理のためのベーシックデータ第４版を参考にした。
17046		::1.15:5.75:17.25:230.0:0.0:0.0:0.0:0.0:0.0:0.0:0.0:0.0	女子栄養大学出版部・調理のためのベーシックデータ第４版を参考にした。
17047		::1.15:5.75:17.25:230.0:0.0:0.0:0.0:0.0:0.0:0.0:0.0:0.0	女子栄養大学出版部・調理のためのベーシックデータ第４版を参考にした。
17048		::1.15:5.75:17.25:230.0:0.0:0.0:0.0:0.0:0.0:0.0:0.0:0.0	女子栄養大学出版部・調理のためのベーシックデータ第４版を参考にした。
17119		::1.15:5.75:17.25:230.0:0.0:0.0:0.0:0.0:0.0:0.0:0.0:0.0	女子栄養大学出版部・調理のためのベーシックデータ第４版を参考にした。
17120		::1.15:5.75:17.25:230.0:0.0:0.0:0.0:0.0:0.0:0.0:0.0:0.0	女子栄養大学出版部・調理のためのベーシックデータ第４版を参考にした。
17049		::1.15:5.75:17.25:230.0:0.0:0.0:0.0:0.0:0.0:0.0:0.0:0.0	女子栄養大学出版部・調理のためのベーシックデータ第４版を参考にした。
17050		::1.15:5.75:17.25:230.0:0.0:0.0:0.0:0.0:0.0:0.0:0.0:0.0	女子栄養大学出版部・調理のためのベーシックデータ第４版を参考にした。
17121		::1.15:5.75:17.25:230.0:0.0:0.0:0.0:0.0:0.0:0.0:0.0:0.0	女子栄養大学出版部・調理のためのベーシックデータ第４版を参考にした。
17122		::1.15:5.75:17.25:230.0:0.0:0.0:0.0:0.0:0.0:0.0:0.0:0.0	女子栄養大学出版部・調理のためのベーシックデータ第４版を参考にした。
17123		::1.15:5.75:17.25:230.0:0.0:0.0:0.0:0.0:0.0:0.0:0.0:0.0	女子栄養大学出版部・調理のためのベーシックデータ第４版を参考にした。
17124		::1.15:5.75:17.25:230.0:0.0:0.0:0.0:0.0:0.0:0.0:0.0:0.0	女子栄養大学出版部・調理のためのベーシックデータ第４版を参考にした。
17051			
17052			
17125			
17053			
17126			
17127		::0.0:2.0:6.0:0.0:0.0:0.0:0.0:0.0:0.0:0.0:0.0:0.0	女子栄養大学出版部・調理のためのベーシックデータ第４版を参考にした。
17054		::1.259:6.295:18.885:251.8:0.0:0.0:0.0:0.0:0.0:0.0:0.0:0.0	日本食品標準成分表2015年７訂の備考欄を参考にした。
17055			
17056			
17057		::0.0:2.0:6.0:90.0:0.0:0.0:0.0:0.0:0.0:0.0:0.0:0.0	女子栄養大学出版部・調理のためのベーシックデータ第４版を参考にした。
17058		::0.0:5.0:15.0:0.0:0.0:0.0:0.0:0.0:0.0:0.0:0.0:0.0	女子栄養大学出版部・調理のためのベーシックデータ第４版を参考にした。
17059		::0.0:5.0:15.0:0.0:0.0:0.0:0.0:0.0:0.0:0.0:0.0:0.0	女子栄養大学出版部・調理のためのベーシックデータ第４版を参考にした。
17060		::0.0:5.0:15.0:0.0:0.0:0.0:0.0:0.0:0.0:0.0:0.0:0.0	女子栄養大学出版部・調理のためのベーシックデータ第４版を参考にした。
17061		::0.0:2.0:6.0:80.0:0.0:0.0:0.0:0.0:0.0:0.0:0.0:0.0	女子栄養大学出版部・調理のためのベーシックデータ第４版を参考にした。
17062			
17063		::0.0:2.0:6.0:100.0:0.0:0.0:0.0:0.0:0.0:0.0:0.0:0.0	女子栄養大学出版部・調理のためのベーシックデータ第４版を参考にした。
17064		::0.0:2.0:6.0:100.0:0.0:0.0:0.0:0.0:0.0:0.0:0.0:0.0	女子栄養大学出版部・調理のためのベーシックデータ第４版を参考にした。
17065		::0.0:2.0:6.0:100.0:0.0:0.0:0.0:0.0:0.0:0.0:0.0:0.0	女子栄養大学出版部・調理のためのベーシックデータ第４版を参考にした。
17066			
17067			
17068			
17069		::0.0:5.0:15.0:0.0:0.0:0.0:0.0:0.0:0.0:0.0:0.0:0.0:0.0:	ネット情報
17070			
17071			
17072			
17073			
17074			
17075			
17128			
17076		::0.0:4.0:12.0:0.0:0.0:0.0:0.0:0.0:0.0:0.0:0.0:0.0	ネット情報
17077			
17078			
17079			
17080		::0.0:2.0:6.0:70.0:0.0:0.0:0.0:0.0:0.0:0.0:0.0:0.0	女子栄養大学出版部・調理のためのベーシックデータ第４版を参考にした。
17081		-:-:0.0:5.0:15.0:0.0:0.0:0.0:0.0:0.0:0.0:0.0:0.0:0.0:0.0:-:0.0:0.0:	ネット情報
17082			
17083		::0.0:3.3:10.0:0.0:0.0:0.0:0.0:0.0:0.0:0.0:0.0:0.0:0.0:	ネット情報
17129			
17084		::0.0:4.0:12.0:150.0:0.0:0.0:0.0:0.0:0.0:0.0:0.0:0.0	女子栄養大学出版部・調理のためのベーシックデータ第４版を参考にした。
18001		::0.0:0.0:0.0:0.0:0.0:0.0:0.0:0.0:0.0:0.0:0.0:0.0	
18002			
18003			
18004			
18005			
18006			
18017			
18007			
18018			
18008			
18019			
18009			
18020			
18010			
18021			
18011			
18012			
18013			
18014			
18015			
18016			
18022			
P00001	guild_master	::1.0:5.0:15.0:200.0:180.0:0.0:0.0:0.0:0.0:0.0:0.0:0.0	
P13001	guild_master		
P14001	guild_master		
P00002	guild_master		
P00003	guild_master		
U00001	guest		
P00004	guild_master		
P07001	guild_master		
P00005	guild_master		
P00006	guild_master	::0.0:4.0:12.0:190.0:0.0:0.0:0.0:0.0:0.0:0.0:0.0:0.0	ネット情報
P09001	guild_master		
P06001	guild_master		
U00001	yossy		
P17002	guild_master		
P01001	guild_master		
P17003	guild_master		
P17004	guild_master		
P07002	guild_master		
P00007	guild_master		
P16001	guild_master		
P17005	guild_master		
U17001	yossy		
P13002	guild_master		
P01002	guild_master		
U02001	guest		
U00001	hikaru		
U00002	hikaru		
P06002	guild_master		
P16002	guild_master		
P16003	guild_master		
P16004	guild_master	-:-:0.0:0.0:0.0:0.0:0.0:0.0:0.0:0.0:0.0:0.0:0.0:0.0:150.0:-:0.0:0.0:	
P16005	guild_master		
P16006	guild_master		
P16007	guild_master		
P16008	guild_master		
P11001	guild_master		
P16009	guild_master		
P16010	guild_master		
P16011	guild_master		
P16012	guild_master		
P16013	guild_master		
P01003	guild_master		
P17006	guild_master		
P01004	guild_master		
P16014	guild_master		
P16015	guild_master		
P17007	guild_master		
P17008	guild_master		
P03001	guild_master		
U16001	guest		
P00008	guild_master		
U15001	guest		
U16002	guest		
P00009	guild_master		
P17009	guild_master		
P17010	guild_master		
P17010	guild_master		
P17010	guild_master		
P01005	guild_master		
P15001	guild_master		
P15002	guild_master		
P15003	guild_master		
P17011	guild_master		
P16016	guild_master		
P17012	guild_master		
P18001	guild_master		
P15004	guild_master		
P15005	guild_master		
P06002	guild_master		
P06003	guild_master		
P00010	guild_master		
P00011	guild_master		
P16017	guild_master		
P03002	guild_master		
P01006	guild_master		
P03003	guild_master		
U12001	yossy		
U06004	guild_master		
U10001	guild_master		
P03004	guild_master		
P06005	guild_master		
P16018	guild_master		
P16019	guild_master		
P16020	guild_master		
P15006	guild_master		
P16021	guild_master		
P16022	guild_master	-:-:0.0:0.0:0.0:0.0:0.0:0.0:0.0:0.0:0.0:350.0:500.0:0.0:0.0:-:0.0:0.0:	
P00012	guild_master		
P00013	guild_master		
P00015	guild_master		
P15007	guild_master	-:-:0.0:0.0:0.0:0.0:0.0:0.0:0.0:0.0:0.0:0.0:0.0:0.0:0.0:-:0.0:17.0:	
P15008	guild_master	-:-:0.0:0.0:0.0:0.0:0.0:0.0:0.0:0.0:0.0:0.0:0.0:0.0:0.0:-:0.0:17.0:	
P15009	guild_master	-:-:0.0:0.0:0.0:0.0:0.0:0.0:0.0:0.0:0.0:0.0:0.0:0.0:0.0:-:0.0:25.0:	
P15010	guild_master	-:-:0.0:0.0:0.0:0.0:0.0:0.0:0.0:0.0:0.0:0.0:0.0:0.0:0.0:-:0.0:20.55:	
