06321
06320
06315
06314
06313
06361
06319
06302
06301
06300
06299
06298
06294
06293
06285
06284
06283
06360
06279
06278
06277
06276
06275
06274
06074
06073
06072
06273
06272
06269
06359
06358
06357
06268
06356
06355
06267
06354
06264
06263
06262
06261
06255
06254
06253
06252
06251
06248
06247
06246
06245
06239
06238
06237
06232
06231
06230
06229
06228
06352
06227
06225
06224
06222
06221
06220
06219
06218
06217
06348
06216
06347
06346
06345
06215
06214
06213
06212
06211
06344
06208
06207
06204
06203
06202
06201
06200
06190
06189
06188
06184
06183
06182
06172
06171
06170
06169
06166
06165
06164
06163
06162
06338
06161
06160
06337
06148
06147
06146
06145
06144
06131
06130
06129
06128
06127
06126
06118
06117
06115
06113
06100
06099
06097
06096
06095
06094
06093
06091
06090
06089
06087
06086
06083
06080
06077
06076
06075
06071
06053
06052
06050
06332
06049
06048
06047
06046
06035
06034
06033
06032
06031
06030
06029
06028
06027
06021
06020
06331
06330
06329
06019
06018
06011
06010
06327
06008
06007
06006
06005
06004
06003
